0.0 0.0 0.0 
0.0032 0.2531 0.9551 
-5.0E-4 0.3877 0.9326 
0.0016 0.292 0.9326 
0.002 0.2916 0.9326 
8.0E-4 0.3786 0.9213 
9.0E-4 0.3773 0.9213 
0.0024 0.3391 0.9213 
0.0098 0.2585 0.9213 
0.0081 0.3597 0.8989 
0.0098 0.2755 0.8989 
0.0115 0.2602 0.8989 
8.0E-4 0.424 0.8876 
0.001 0.3625 0.8876 
0.0066 0.3603 0.8876 
0.0093 0.3495 0.8764 
0.0028 0.4179 0.8652 
0.0117 0.272 0.8652 
0.0129 0.2711 0.8652 
0.014 0.2541 0.8652 
0.0133 0.3273 0.8539 
0.0174 0.2338 0.8539 
0.0083 0.3507 0.8427 
0.0095 0.3448 0.8427 
0.0117 0.3404 0.8427 
0.014 0.2702 0.8427 
0.0097 0.348 0.8315 
0.0098 0.3472 0.8315 
0.013 0.334 0.8315 
0.0106 0.3598 0.8202 
0.0141 0.2809 0.8202 
0.0067 0.3966 0.809 
0.0076 0.3851 0.809 
0.0107 0.3428 0.809 
0.0156 0.2645 0.809 
0.0104 0.3766 0.7978 
0.015 0.3197 0.7978 
0.0121 0.3363 0.7865 
0.0125 0.351 0.764 
0.0139 0.325 0.7528 
0.0108 0.3547 0.7416 
0.0152 0.3026 0.7079 
