0.0 0.0 0.0 
0.0047 0.3205 0.5393 
0.0072 0.2615 0.5056 
0.0055 0.2796 0.4719 
0.0056 0.3168 0.4607 
0.0068 0.2819 0.4607 
0.0073 0.2499 0.4607 
0.0057 0.2947 0.4382 
0.0072 0.2857 0.4382 
0.0081 0.2738 0.4382 
0.0064 0.3127 0.427 
0.007 0.3196 0.4157 
0.0086 0.2447 0.4157 
0.0049 0.3208 0.4045 
0.008 0.3181 0.4045 
0.0083 0.2718 0.382 
0.0086 0.2717 0.382 
0.0081 0.2878 0.3708 
0.009 0.2544 0.3596 
0.0071 0.3277 0.3483 
0.0084 0.2719 0.3483 
0.0082 0.2846 0.3258 
0.0092 0.2339 0.3034 
0.0086 0.2827 0.2809 
0.0088 0.2641 0.2809 
0.01 0.2442 0.2809 
0.0086 0.3058 0.2697 
0.0088 0.2662 0.2697 
0.0105 0.2253 0.2697 
0.0091 0.2789 0.2472 
