0.0 0.0 0.0 
-0.0013 0.1943 0.6292 
-6.0E-4 0.2371 0.6067 
-8.0E-4 0.4062 0.5955 
0.0013 0.2401 0.5955 
0.0022 0.4005 0.5843 
-5.0E-4 0.4259 0.573 
1.0E-4 0.4165 0.573 
-3.0E-4 0.4214 0.5618 
0.0025 0.241 0.5618 
0.0045 0.217 0.5618 
0.003 0.3953 0.5506 
-4.0E-4 0.4368 0.5393 
-5.0E-4 0.4452 0.5281 
8.0E-4 0.4158 0.5281 
-0.0012 0.4797 0.5169 
-3.0E-4 0.4551 0.5169 
3.0E-4 0.4392 0.5169 
0.0058 0.4319 0.5169 
-0.001 0.4836 0.5056 
-1.0E-4 0.4569 0.5056 
0.0 0.4509 0.5056 
3.0E-4 0.4432 0.5056 
4.0E-4 0.4399 0.5056 
0.0092 0.4008 0.5056 
3.0E-4 0.4565 0.4944 
4.0E-4 0.4402 0.4944 
0.0087 0.4232 0.4944 
-0.0017 0.4858 0.4831 
0.0 0.4699 0.4831 
4.0E-4 0.4616 0.4831 
0.0076 0.4348 0.4831 
-6.0E-4 0.4826 0.4719 
0.0066 0.4755 0.4719 
-4.0E-4 0.4855 0.4607 
0.0 0.4774 0.4607 
0.0066 0.4768 0.4607 
0.016 0.4542 0.4607 
0.0069 0.4764 0.4494 
0.0313 0.4334 0.4494 
-1.0E-4 0.4952 0.4382 
0.0 0.489 0.4382 
0.0 0.5096 0.4157 
1.0E-4 0.5011 0.4157 
2.0E-4 0.4973 0.4157 
0.0037 0.4907 0.4157 
0.0015 0.494 0.3933 
0.0016 0.4937 0.3933 
-0.0015 0.5262 0.382 
6.0E-4 0.4961 0.382 
0.0073 0.4725 0.382 
0.0068 0.5205 0.3596 
0.0069 0.5203 0.3596 
0.0075 0.4919 0.3483 
-6.0E-4 0.5467 0.3371 
0.0153 0.5049 0.3258 
0.0166 0.4744 0.3258 
2.0E-4 0.5397 0.3146 
0.0153 0.5057 0.3146 
0.0155 0.4965 0.3146 
0.0164 0.4805 0.3146 
2.0E-4 0.5399 0.3034 
0.0156 0.4966 0.3034 
0.0157 0.4881 0.3034 
0.0059 0.5497 0.2921 
0.0155 0.4969 0.2921 
0.001 0.5526 0.2809 
0.0043 0.573 0.2697 
0.008 0.5558 0.2697 
0.0057 0.5946 0.2584 
0.0061 0.5901 0.2584 
0.0094 0.5556 0.2584 
0.0078 0.5821 0.2472 
0.0084 0.5598 0.2472 
0.0078 0.6008 0.236 
0.0089 0.5616 0.236 
0.0097 0.5496 0.236 
0.0099 0.5255 0.236 
0.0096 0.5512 0.2247 
0.0098 0.5501 0.2247 
0.0049 0.603 0.1685 
0.0049 0.603 0.1685 
0.0049 0.6034 0.1573 
-2.0E-4 0.6128 0.1461 
-0.0012 0.6278 0.1011 
-0.001 0.6198 0.1011 
-7.0E-4 0.6177 0.1011 
-7.0E-4 0.6177 0.1011 
-7.0E-4 0.6177 0.1011 
-2.0E-4 0.6133 0.1011 
0.0062 0.6117 0.1011 
0.0065 0.6073 0.1011 
-0.0014 0.6289 0.0225 
