[76, 17, 23, 4, 39, 50, 2, 69, 88, 79, 34, 83, 65, 31, 76, 43, 44, 63, 35, 43, 62, 63, 71, 25, 69, 41, 15, 41, 15, 57, 49, 18, 43, 33, 49, 35, 25, 19, 69, 39, 80, 53, 43, 15, 76, 0, 63, 88, 74, 72, 19, 18, 72, 16, 43, 5, 46, 14, 44, 47, 42, 81, 14, 8, 89, 76, 87, 43, 74, 43, 85, 71, 52, 23, 5, 58, 32, 50, 74, 59, 77, 15, 39, 82, 36, 43, 66, 43, 84]
[43, 71, 23, 15, 4, 71, 43, 19, 49, 5, 43, 13, 68, 67, 6, 38, 82, 60, 62, 30, 77, 33, 86, 29, 89, 4, 16, 17, 69, 54, 39, 76, 77, 84, 88, 28, 43, 83, 66, 5, 54, 85, 49, 57, 24, 40, 22, 21, 53, 2, 2, 48, 66, 31, 59, 49, 67, 41, 53, 10, 10, 18, 50, 84, 41, 39, 27, 78, 69, 16, 43, 43, 21, 4, 39, 66, 86, 43, 43, 1, 40, 63, 43, 80, 66, 46, 50, 41, 5]
[34, 16, 64, 11, 42, 80, 83, 88, 45, 76, 80, 85, 29, 66, 38, 82, 79, 10, 38, 11, 21, 89, 26, 49, 75, 21, 51, 64, 83, 6, 27, 22, 86, 80, 7, 20, 82, 74, 70, 39, 12, 42, 27, 46, 25, 14, 56, 79, 27, 82, 68, 13, 22, 46, 53, 72, 59, 27, 22, 16, 6, 43, 26, 80, 80, 2, 9, 44, 49, 0, 8, 51, 72, 43, 74, 80, 10, 80, 28, 58, 21, 82, 54, 80, 66, 25, 42, 74, 70]
[84, 60, 48, 62, 12, 0, 63, 62, 45, 23, 83, 79, 66, 46, 8, 70, 75, 60, 17, 54, 76, 48, 80, 39, 41, 79, 89, 81, 10, 63, 44, 53, 70, 79, 19, 1, 28, 21, 40, 79, 56, 71, 81, 64, 79, 13, 76, 50, 34, 36, 79, 62, 0, 67, 39, 73, 1, 29, 75, 79, 70, 46, 13, 79, 43, 56, 86, 6, 54, 23, 22, 85, 49, 81, 17, 78, 30, 87, 13, 86, 12, 54, 7, 59, 85, 37, 43, 78, 13]
[38, 38, 20, 12, 42, 70, 76, 25, 11, 69, 31, 75, 63, 15, 61, 13, 47, 5, 38, 39, 29, 16, 38, 29, 49, 24, 15, 77, 6, 29, 38, 25, 55, 7, 16, 3, 45, 82, 39, 28, 17, 3, 39, 62, 49, 4, 44, 68, 58, 27, 2, 68, 49, 30, 16, 70, 69, 2, 15, 50, 12, 43, 38, 59, 17, 4, 20, 76, 53, 60, 31, 57, 30, 5, 56, 59, 38, 88, 79, 74, 45, 70, 41, 87, 70, 61, 38, 8, 87]
[34, 59, 34, 61, 74, 56, 10, 76, 32, 21, 34, 41, 45, 34, 34, 19, 3, 27, 76, 33, 46, 67, 75, 38, 65, 71, 66, 54, 83, 0, 69, 18, 48, 19, 88, 31, 72, 68, 37, 24, 26, 84, 24, 37, 69, 72, 66, 19, 43, 0, 10, 62, 60, 44, 34, 84, 10, 55, 52, 34, 23, 15, 30, 10, 15, 0, 67, 9, 0, 34, 67, 24, 27, 77, 36, 31, 24, 2, 35, 18, 47, 0, 9, 56, 51, 44, 35, 23, 17]
[50, 15, 38, 59, 72, 72, 68, 21, 16, 80, 28, 15, 15, 63, 61, 19, 75, 37, 62, 16, 22, 73, 83, 4, 17, 80, 11, 22, 37, 22, 0, 74, 22, 89, 12, 25, 61, 78, 82, 85, 80, 21, 65, 5, 41, 57, 57, 82, 18, 26, 6, 48, 22, 4, 53, 19, 19, 14, 21, 55, 78, 6, 48, 36, 22, 24, 34, 24, 74, 48, 58, 58, 25, 38, 47, 22, 6, 33, 35, 43, 16, 34, 15, 83, 10, 48, 79, 22, 14]
[13, 12, 2, 33, 24, 50, 53, 67, 6, 79, 41, 34, 45, 66, 66, 54, 24, 43, 29, 39, 31, 88, 61, 48, 6, 68, 89, 19, 74, 7, 10, 26, 14, 87, 36, 16, 12, 21, 22, 21, 45, 48, 27, 19, 66, 47, 13, 43, 65, 52, 29, 78, 13, 63, 68, 0, 20, 74, 75, 38, 81, 66, 9, 38, 22, 70, 66, 86, 37, 29, 40, 5, 83, 29, 66, 49, 20, 46, 58, 34, 32, 66, 44, 66, 57, 33, 70, 42, 11]
[11, 21, 26, 70, 20, 80, 42, 79, 75, 38, 62, 52, 86, 4, 23, 17, 42, 52, 45, 80, 4, 86, 31, 13, 29, 15, 2, 8, 48, 59, 84, 69, 13, 75, 17, 33, 50, 48, 48, 20, 33, 65, 66, 30, 3, 11, 53, 26, 28, 28, 65, 12, 40, 82, 14, 23, 40, 65, 75, 79, 79, 38, 14, 19, 62, 15, 19, 65, 65, 65, 24, 12, 65, 75, 49, 18, 48, 35, 89, 0, 3, 21, 81, 13, 45, 11, 88, 83, 7]
[49, 70, 43, 58, 22, 19, 69, 58, 48, 88, 9, 70, 85, 63, 74, 33, 76, 74, 23, 76, 65, 85, 14, 46, 42, 56, 27, 57, 4, 30, 62, 35, 50, 19, 57, 42, 78, 31, 9, 20, 50, 76, 9, 3, 58, 35, 14, 5, 57, 33, 14, 54, 38, 32, 57, 9, 4, 85, 65, 58, 86, 58, 3, 68, 23, 9, 88, 66, 60, 89, 41, 29, 0, 9, 55, 66, 74, 73, 21, 47, 66, 9, 89, 87, 8, 2, 40, 86, 89]
[12, 62, 68, 55, 53, 6, 38, 68, 50, 83, 2, 20, 68, 68, 68, 14, 51, 83, 81, 84, 28, 46, 16, 16, 87, 15, 61, 87, 83, 46, 28, 74, 57, 47, 10, 88, 71, 20, 59, 67, 69, 88, 49, 23, 70, 19, 52, 1, 31, 2, 81, 69, 49, 87, 87, 61, 30, 5, 34, 40, 6, 62, 19, 87, 51, 17, 29, 87, 52, 66, 66, 51, 31, 11, 40, 67, 38, 57, 59, 30, 53, 84, 60, 88, 8, 4, 46, 17, 89]
[0, 29, 37, 49, 66, 30, 10, 79, 34, 34, 64, 40, 89, 17, 80, 83, 62, 29, 63, 5, 20, 74, 27, 30, 60, 39, 59, 8, 37, 15, 4, 28, 41, 47, 17, 51, 11, 61, 17, 74, 87, 17, 43, 37, 80, 35, 74, 3, 70, 44, 79, 41, 6, 2, 43, 70, 18, 64, 43, 82, 70, 37, 26, 63, 69, 37, 33, 60, 15, 42, 13, 28, 33, 11, 37, 10, 5, 40, 65, 27, 50, 85, 87, 74, 61, 3, 68, 5, 34]
[22, 18, 67, 45, 48, 1, 48, 71, 28, 27, 58, 82, 3, 73, 19, 23, 59, 8, 13, 53, 6, 53, 17, 17, 33, 45, 42, 25, 71, 27, 28, 68, 5, 35, 30, 49, 20, 85, 41, 20, 62, 61, 69, 76, 12, 84, 36, 15, 61, 12, 35, 11, 14, 7, 31, 88, 32, 61, 61, 30, 62, 69, 12, 55, 58, 1, 88, 53, 67, 37, 64, 69, 17, 55, 17, 17, 17, 76, 76, 79, 80, 70, 55, 79, 43, 13, 30, 31, 44]
[47, 52, 61, 23, 48, 25, 2, 65, 46, 41, 4, 32, 2, 77, 12, 72, 77, 31, 57, 77, 56, 4, 68, 5, 59, 44, 31, 82, 74, 25, 48, 32, 2, 77, 37, 47, 79, 87, 56, 20, 8, 70, 68, 35, 38, 17, 15, 62, 34, 28, 44, 88, 68, 66, 50, 86, 41, 18, 2, 79, 28, 3, 35, 82, 22, 70, 29, 37, 53, 12, 77, 52, 24, 54, 66, 33, 52, 71, 60, 34, 77, 44, 57, 73, 83, 52, 87, 37, 32]
[21, 18, 58, 59, 74, 24, 50, 55, 37, 67, 81, 58, 43, 24, 83, 59, 31, 59, 50, 13, 10, 20, 71, 52, 81, 67, 8, 28, 40, 26, 34, 86, 15, 20, 84, 15, 62, 83, 86, 45, 8, 18, 81, 71, 17, 12, 57, 52, 89, 30, 63, 6, 0, 20, 29, 55, 14, 10, 32, 67, 31, 89, 47, 30, 38, 13, 37, 83, 85, 69, 40, 69, 10, 0, 11, 79, 63, 58, 39, 9, 20, 9, 80, 8, 48, 28, 71, 34, 20]
[17, 25, 53, 55, 87, 8, 76, 38, 46, 59, 80, 80, 23, 11, 62, 51, 88, 57, 87, 88, 75, 18, 27, 78, 45, 62, 25, 79, 55, 42, 61, 8, 40, 9, 81, 53, 34, 49, 31, 9, 36, 51, 41, 17, 2, 69, 52, 31, 19, 22, 32, 63, 46, 5, 26, 15, 74, 26, 84, 30, 17, 8, 33, 59, 19, 82, 16, 74, 21, 33, 38, 22, 10, 82, 40, 64, 69, 79, 3, 75, 5, 16, 27, 11, 15, 8, 3, 30, 8]
[75, 79, 89, 82, 6, 86, 55, 72, 53, 15, 5, 40, 66, 55, 21, 10, 88, 35, 69, 69, 89, 46, 27, 30, 64, 3, 65, 0, 8, 50, 34, 26, 74, 86, 82, 64, 81, 89, 45, 52, 36, 65, 42, 51, 46, 5, 27, 75, 47, 26, 6, 66, 46, 58, 48, 71, 71, 27, 36, 61, 31, 86, 86, 59, 74, 11, 67, 30, 48, 10, 63, 31, 52, 89, 50, 21, 89, 55, 62, 61, 7, 55, 37, 3, 0, 83, 2, 81, 37]
[34, 36, 20, 9, 72, 31, 45, 58, 46, 38, 51, 67, 60, 38, 21, 64, 55, 72, 49, 13, 40, 70, 22, 31, 11, 2, 25, 43, 52, 62, 86, 3, 53, 60, 47, 17, 4, 82, 86, 46, 89, 72, 80, 58, 34, 22, 37, 79, 26, 40, 13, 78, 34, 46, 67, 66, 34, 43, 67, 35, 89, 14, 84, 52, 30, 59, 65, 23, 45, 34, 66, 56, 36, 14, 64, 17, 81, 58, 66, 31, 30, 79, 40, 56, 19, 19, 80, 0, 82]
[64, 18, 87, 68, 86, 37, 80, 33, 17, 1, 17, 50, 34, 63, 78, 8, 48, 89, 10, 87, 14, 88, 46, 34, 84, 67, 79, 83, 14, 23, 3, 0, 8, 36, 32, 33, 31, 41, 0, 0, 36, 36, 88, 85, 12, 52, 57, 14, 89, 18, 60, 25, 34, 85, 19, 44, 31, 83, 51, 44, 31, 76, 62, 4, 57, 52, 8, 2, 87, 31, 35, 51, 28, 23, 64, 45, 12, 69, 82, 31, 68, 51, 68, 56, 15, 4, 43, 17, 42]
[46, 44, 88, 14, 62, 69, 63, 13, 70, 5, 73, 29, 78, 32, 54, 8, 0, 48, 56, 46, 82, 87, 80, 46, 35, 38, 80, 72, 1, 24, 66, 48, 64, 4, 34, 14, 82, 85, 45, 14, 82, 1, 16, 12, 76, 50, 30, 78, 67, 82, 10, 18, 51, 14, 51, 0, 82, 72, 87, 28, 47, 25, 46, 89, 65, 21, 41, 53, 23, 25, 27, 51, 44, 32, 64, 32, 26, 66, 81, 89, 45, 22, 47, 0, 53, 64, 30, 7, 44]
[43, 83, 47, 26, 27, 83, 25, 15, 51, 7, 49, 77, 1, 75, 13, 28, 53, 89, 1, 70, 16, 57, 0, 17, 72, 14, 5, 2, 85, 30, 84, 73, 72, 8, 82, 34, 85, 20, 73, 20, 60, 22, 50, 76, 67, 3, 48, 30, 57, 76, 59, 22, 18, 3, 14, 76, 44, 33, 88, 39, 64, 85, 53, 77, 56, 27, 50, 83, 39, 7, 62, 57, 54, 48, 54, 62, 44, 59, 84, 70, 50, 9, 67, 7, 75, 64, 89, 7, 1]
[78, 13, 22, 54, 45, 5, 87, 59, 30, 35, 42, 44, 16, 76, 11, 50, 13, 2, 22, 46, 23, 70, 14, 41, 37, 84, 45, 72, 15, 51, 68, 34, 31, 86, 23, 42, 58, 79, 48, 59, 86, 66, 34, 18, 31, 64, 28, 28, 0, 5, 67, 56, 25, 79, 4, 57, 58, 27, 79, 89, 66, 27, 54, 20, 51, 44, 62, 46, 21, 5, 64, 56, 50, 79, 42, 82, 34, 35, 57, 50, 72, 43, 18, 36, 70, 14, 55, 4, 57]
[82, 41, 25, 65, 15, 45, 87, 63, 6, 56, 89, 30, 3, 13, 19, 71, 8, 84, 80, 48, 88, 41, 71, 27, 25, 43, 54, 47, 62, 83, 3, 51, 64, 20, 74, 15, 31, 26, 1, 14, 60, 86, 79, 21, 31, 56, 40, 30, 83, 63, 24, 3, 12, 54, 43, 15, 43, 47, 76, 72, 78, 20, 29, 24, 67, 28, 72, 74, 68, 65, 59, 28, 64, 79, 88, 28, 85, 82, 0, 10, 6, 30, 69, 30, 34, 80, 81, 21, 68]
[20, 78, 40, 5, 15, 12, 9, 10, 26, 78, 56, 83, 71, 62, 44, 87, 77, 69, 45, 13, 46, 32, 28, 77, 52, 66, 42, 89, 17, 79, 88, 54, 84, 66, 35, 39, 72, 73, 49, 31, 70, 76, 84, 69, 60, 79, 34, 54, 43, 70, 44, 31, 1, 59, 75, 12, 60, 89, 59, 62, 63, 43, 75, 67, 43, 59, 43, 73, 33, 54, 26, 57, 1, 84, 79, 20, 46, 67, 7, 30, 63, 34, 50, 0, 44, 71, 18, 62, 82]
[40, 69, 69, 42, 79, 28, 66, 68, 89, 52, 42, 18, 5, 9, 59, 60, 57, 24, 21, 14, 71, 27, 73, 28, 58, 76, 19, 54, 38, 3, 13, 84, 71, 5, 12, 45, 62, 77, 74, 72, 64, 19, 31, 21, 12, 76, 58, 39, 54, 75, 1, 66, 32, 76, 66, 67, 20, 16, 13, 77, 60, 35, 57, 70, 18, 21, 0, 27, 61, 59, 24, 5, 36, 57, 3, 50, 20, 6, 54, 53, 75, 19, 54, 51, 39, 60, 81, 45, 73]
[19, 6, 20, 59, 51, 84, 76, 10, 35, 24, 64, 38, 35, 69, 42, 56, 13, 83, 78, 22, 74, 86, 17, 78, 76, 89, 4, 81, 59, 14, 40, 15, 78, 40, 49, 10, 70, 65, 37, 10, 72, 24, 31, 57, 63, 72, 38, 43, 1, 49, 88, 69, 6, 23, 30, 35, 19, 81, 21, 56, 51, 49, 54, 42, 29, 2, 69, 58, 74, 45, 59, 27, 85, 53, 16, 45, 76, 53, 64, 88, 16, 13, 39, 16, 39, 82, 39, 16, 33]
[2, 42, 65, 88, 4, 70, 49, 8, 36, 0, 32, 83, 45, 56, 62, 79, 2, 87, 66, 10, 45, 20, 35, 21, 27, 26, 55, 33, 55, 26, 87, 44, 20, 9, 2, 49, 73, 89, 26, 78, 4, 61, 40, 86, 79, 8, 50, 34, 26, 58, 25, 30, 66, 30, 52, 88, 73, 33, 58, 62, 58, 3, 54, 1, 25, 43, 66, 48, 20, 37, 24, 5, 21, 18, 57, 42, 89, 52, 31, 7, 39, 67, 14, 72, 5, 37, 18, 60, 3]
