0.0 0.0 0.0 
-0.0017 0.1294 0.1011 
-0.0014 0.1168 0.1011 
-0.0016 0.1794 0.0899 
-0.0014 0.1748 0.0899 
-0.0012 0.1707 0.0899 
-7.0E-4 0.1625 0.0899 
-4.0E-4 0.1511 0.0899 
9.0E-4 0.139 0.0899 
-1.0E-4 0.2503 0.0787 
0.0019 0.1511 0.0787 
-9.0E-4 0.251 0.0674 
0.0 0.1838 0.0674 
2.0E-4 0.1733 0.0674 
8.0E-4 0.1573 0.0674 
-0.0015 0.2872 0.0562 
-7.0E-4 0.2809 0.0562 
1.0E-4 0.2333 0.0562 
0.0023 0.2268 0.0562 
0.0024 0.1794 0.0562 
0.0028 0.149 0.0562 
0.001 0.2668 0.0449 
0.0012 0.2375 0.0449 
0.0019 0.232 0.0449 
0.0025 0.2318 0.0449 
0.0027 0.188 0.0449 
0.003 0.1819 0.0449 
0.0031 0.1786 0.0449 
